11
13
174
180
240
241
243
263
299
335
342
712
727
887
931
949
992
996
1049
1140
1480
1486
1489
1493
1982
1988
2078
2087
2256
2272
2319
2328
2336
2347
2566
2707
2728
2912
2943
3026
3030
3035
3036
3039
3048
3073
3082
3118
3120
3224
3225
3283
3286
3347
3496
3589
3598
4004
4096
4115
4130
4169
4420
4928
4929
4931
4933
4936
4937
4944
5053
5125
5216
5383
5455
5543
5558
5569
5921
5943
5975
5993
6028
6115
6124
6129
6212
6214
6278
6294
6323
6336
6338
6344
6348
6359
6366
6378
6389
6391
6418
6421
6428
6478
6511
6544
6560
6569
6574
6575
6579
6581
6591
6597
6623
6658
6720
6734
6758
6781
6785
6795
6811
6819
6838
6853
6901
6905
6914
6950
7047
7055
7056
7070
7095
7111
7153
7158
7204
7207
7238
7239
7245
7247
7249
7270
7271
7285
7362
7367
7406
7410
7416
7434
7452
7500
7501
7503
7567
7641
7768
7771
7804
7812
7835
7839
7847
7855
7858
7859
7923
7929
7935
7944
7947
7961
7964
7965
7967
8028
8029
8115
8133
8343
8370
8376
8418
8441
8449
8461
8490
8540
8606
8607
8630
8809
8857
9154
9502
10452
10476
10522
10686
10967
11335
11487
11583
11733
11813
11855
12002
12018
12130
12418
12901
12968
13002
13263
13450
13542
13591
13676
13709
13728
13930
14223
14410
15331
15531
15533
15625
15778
15910
15938
16003
16181
16421
16562
16653
16945
17038
17110
18752
19395
21307
21954
22188
24685
24722
24726
24744
25418
26124
27189
27982
28780
29393
29732
30479
31070
31222
31275
31296
31368
31373
31423
32154
33775
34192
34526
36159
36324
36606
37123
37175
37517
38037
38479
39327
39385
39424
39676
39965
40326
40470
41384
41385
42540
42586
43079
43234
44072
47326
47491
47866
47898
50516
50896
52999
53518
54739
54740
54960
56160
62276
62781
73282
73665
73668
73670
73672
73674
73675
95170
104926
153909
155166
441071
533728
616765
643833
2723650
3032581
3032791
5281872
5281875
5284462
5284469
5353758
5371560
6434889
6537506
9570071
9570093
9595287
13218777
16212360
16682730
16682746
54678486
86287517
135491830